1.27671 0.504503 0.00756735
1.57795 0.231208 0.0438531
1.85826 0.415813 0.0251226
1.87913 0.734547 0.0269456
2.14784 0.956051 0.0351356
2.15078 1.29152 0.0270066
2.33791 1.55554 0.0275673
2.30104 1.60997 0.0275608
2.23338 1.49019 0.0446034
2.33405 1.42863 0.0450016
2.38984 1.4936 0.0415988
2.32495 1.50646 0.0693291
2.2454 1.43745 0.045333
2.32393 1.45627 0.0646054
2.33899 1.48828 0.025544
2.45695 1.5533 0.0272663
2.4676 1.6683 0.0413218
2.21025 1.64232 0.0252811
2.39664 1.50371 0.0146879
2.35217 1.45056 0.0254393
2.34469 1.52195 0.0296522
2.32814 1.49544 0.0357697
2.24421 1.57266 0.0244212
2.4128 1.50512 0.0426982
2.26008 1.50287 0.0339601
2.30529 1.52281 0.0582055
2.2726 1.46184 0.0295311
2.39758 1.56034 0.0327501
2.22131 1.51109 0.0257951
2.17479 1.60632 0.0249052
2.26646 1.56094 0.0250819
2.37045 1.51691 0.0279346
2.29159 1.4388 0.0285215
2.28102 1.60884 0.0345538
2.28723 1.47993 0.0267898
2.32341 1.56707 0.0269729
2.24693 1.6529 0.0154763
2.55776 1.58747 0.0400358
2.32059 1.50098 0.0446511
2.35001 1.51023 0.033899
2.56674 1.51474 0.0230378
2.38087 1.52824 0.0360753
2.33632 1.48065 0.0278416
2.42343 1.47901 0.0279602
2.36843 1.46099 0.0279408
2.32904 1.53503 0.0400229
2.05804 1.48004 0.0361268
2.15486 1.72141 0.0601672
2.3086 1.4439 0.0276088
2.33191 1.52728 0.0405813
2.39181 1.57359 0.0425461
2.30266 1.50818 0.0439584
2.34086 1.72146 0.0386152
2.20377 1.57252 0.0472911
2.34311 1.66752 0.0258578
2.43996 1.79477 0.0251301
2.36453 1.74909 0.0234418
2.33991 1.66055 0.0317977
2.3347 1.73965 0.0439547
2.31608 1.86078 0.0391776
2.37019 1.84468 0.0392009
2.29852 1.80068 0.0233673
2.36874 1.84076 0.0459587
2.29223 1.9042 0.040871
2.29953 2.03519 0.0244419
2.29995 2.07848 0.0252298
2.35128 2.01947 0.0430817
2.44394 2.03133 0.0266649
2.42733 2.04588 0.0561446
2.42739 2.16701 0.0566507
2.4258 2.18366 0.0253669
2.33716 2.14857 0.0346673
2.4119 2.1911 0.0467749
2.43099 2.2425 0.0266508
2.3719 2.16252 0.0461584
2.28892 2.25589 0.0409204
2.43642 2.21725 0.0446709
2.2124 2.21029 0.0330627
2.46199 2.37591 0.0568873
2.5381 2.2931 0.031543
2.51318 2.46267 0.0444455
2.45962 2.44078 0.044759
2.45606 2.57383 0.0296663
2.45867 2.51595 0.0474256
2.42189 2.63191 0.0254468
2.4067 2.63406 0.0267565
2.4152 2.51473 0.0330717
2.4917 2.65774 0.0517416
2.49217 3.12323 0.0269525
2.52423 2.58023 0.0283012
2.36408 2.79847 0.0253606
2.33627 2.73672 0.0417609
2.45224 2.81734 0.0548787
2.43985 2.83866 0.017985
2.48888 2.8215 0.0246032
2.48121 2.73298 0.0263964
2.60704 2.92219 0.0257131
2.46224 2.90285 0.0253642
2.49903 3.00085 0.0462954
2.44572 3.05281 0.042951
2.64062 3.0148 0.0468947
2.36098 3.12377 0.0363736
2.41405 3.00752 0.0309414
2.64768 3.18079 0.0806792
2.59182 3.15705 0.0329624
2.45119 3.10932 0.0311985
2.5191 3.12867 0.0385219
2.57002 3.27505 0.0428435
2.51836 3.11334 0.0446132
2.52484 3.26792 0.0444044
2.66317 3.4079 0.0392216
2.52186 3.41507 0.0505665
2.48547 3.27988 0.0434198
2.48327 3.35762 0.0407952
2.60253 3.37123 0.0401626
2.41554 3.44513 0.0500073
2.51665 3.5535 0.0437804
2.60729 3.56536 0.0445256
2.56419 3.48136 0.0449989
2.56933 3.53611 0.0331925
2.4603 3.62344 0.0306316
2.56796 3.52668 0.0549718
2.55745 3.54985 0.0255679
2.45089 3.64214 0.0672911
2.55934 3.68816 0.0421415
2.60212 3.59724 0.0288114
2.65936 3.97493 0.0377968
2.79358 3.73015 0.033482
2.59905 4.02904 0.0271157
2.60177 3.82343 0.049744
2.60864 3.9257 0.028235
2.67807 4.00573 0.0329943
2.56239 4.01579 0.0266249
2.74674 3.95895 0.0710798
2.5639 3.926 0.0512104
2.56865 4.06056 0.0255612
2.60669 4.11036 0.0586801
2.49357 4.02308 0.0386845
2.54402 4.07205 0.049366
2.48839 4.17098 0.0297152
2.66064 4.19896 0.0258437
2.59748 4.29174 0.0440327
2.6096 4.26328 0.0456454
2.47197 4.29364 0.0270848
2.49845 4.35642 0.0336425
2.70911 4.33404 0.0346792
2.61491 4.39306 0.0540425
2.71319 4.46388 0.0430606
2.71031 4.36279 0.0289553
2.67497 4.40642 0.030146
2.60499 4.4515 0.017747
2.68758 4.4639 0.0264838
2.57427 4.52082 0.0251647
2.6751 4.54693 0.0370645
2.75108 4.55191 0.0914959
2.64127 4.61968 0.0366578
2.65857 4.73986 0.0587647
2.78403 4.7805 0.039165
2.63151 4.70525 0.0280857
2.59294 4.8851 0.0246469
2.71677 4.8666 0.0380547
2.63256 4.93777 0.029984
2.66066 4.92041 0.044848
2.76932 4.84744 0.0366752
2.70933 4.85048 0.025197
2.66648 5.00784 0.0252052
2.64107 5.0282 0.0412763
2.71727 5.18155 0.0507182
2.74092 5.01511 0.0273593
2.83 5.10478 0.0285526
2.69563 5.07143 0.0287704
2.72713 5.1262 0.029485
2.72929 5.19666 0.030647
2.65723 5.14991 0.0385627
2.65133 5.16116 0.027036
2.92467 5.34143 0.0259723
2.8865 5.35653 0.0347606
2.76809 5.45826 0.0298869
2.6533 5.28172 0.0399277
2.80674 5.38938 0.0292902
2.74723 5.44872 0.0287094
2.80249 5.58327 0.0422161
2.83789 5.48803 0.0338116
3.03966 5.54538 0.0260602
2.83322 5.50872 0.064341
2.92015 5.51954 0.063604
2.90821 5.53702 0.0303604
2.96626 5.61313 0.0396712
2.95755 5.57387 0.025423
2.84632 5.72681 0.0253312
2.86906 5.6891 0.0247092
3.1042 5.66247 0.0368551
2.93755 5.76671 0.0306642
2.88682 5.82125 0.0274139
2.82227 5.79914 0.0370216
2.94655 5.9183 0.0256238
2.91191 5.81286 0.0530931
2.9011 5.88055 0.0290757
2.8969 5.96572 0.0225046
3.02947 5.91984 0.049372
2.86402 6.03424 0.0288305
2.89967 6.01012 0.038148
2.94121 6.16808 0.0258049
2.90361 6.13677 0.0260455
2.92443 6.03959 0.0273277
2.90367 6.06621 0.0271562
3.00177 6.16301 0.0513811
3.03422 6.1776 0.0371548
3.00556 6.32824 0.0257724
2.76328 6.26873 0.029319
2.93885 6.25994 0.0334053
2.9676 6.24619 0.0290375
2.99578 6.36788 0.0441318
2.93034 6.35337 0.0293135
3.07528 6.31219 0.0282996
2.90604 6.3143 0.0270843
2.82947 6.4368 0.0406197
3.06753 6.50859 0.0302657
3.13568 6.53803 0.0375293
3.07582 6.49728 0.045803
3.0054 6.62326 0.02817
3.05187 6.58577 0.0261574
3.00432 6.67815 0.0283013
3.01336 6.68246 0.0244331
3.07072 6.72053 0.0254126
3.02854 6.60526 0.0370249
3.1229 6.79264 0.0424326
2.96966 6.8421 0.040883
2.98196 6.79714 0.0426836
2.9638 6.85201 0.0252413
2.98429 6.86162 0.025138
3.07307 6.91992 0.0247981
2.89774 7.00413 0.0401255
3.09022 6.939 0.0398628
3.00405 6.99229 0.0318941
3.06721 6.95229 0.0251675
3.1435 7.01999 0.0481875
3.04144 7.06125 0.0297499
3.13028 7.1218 0.0528057
3.20149 7.18525 0.033978
3.10935 7.13573 0.0174042
3.03577 7.0688 0.0282991
3.16985 7.27489 0.0254267
3.00693 7.11911 0.0329903
3.10213 7.31309 0.0395913
3.04178 7.32106 0.0455036
3.20686 7.4197 0.0602397
3.14257 7.46834 0.0266631
3.21423 7.42218 0.0271282
3.01586 7.33446 0.0366826
3.11451 7.4028 0.0407223
3.15233 7.5325 0.0530424
3.2451 7.47449 0.0252388
3.06437 7.6323 0.0441053
3.09806 7.72901 0.0621561
3.27247 7.1879 0.0483951
3.26016 7.5205 0.0256763
3.26636 7.73147 0.0439662
3.09233 7.77925 0.071473
3.0028 7.80316 0.0277852
3.08383 7.82879 0.0251195
3.07891 7.82113 0.0398826
3.2864 7.80597 0.0348334
3.1811 7.75695 0.0269478
3.14517 7.78174 0.0267756
3.17238 7.89205 0.0255121
3.30644 7.86909 0.044709
3.22103 8.05728 0.0262796
2.99232 8.08994 0.0274695
3.12411 8.17148 0.0261686
3.22997 8.17263 0.0285392
3.25867 8.12899 0.0299862
3.21605 8.01209 0.028464
3.32002 8.10684 0.0941511
3.23008 8.18426 0.0258882
3.24923 8.23985 0.0292154
3.35451 8.19886 0.053706
3.30686 8.2433 0.0446707
3.34206 8.38974 0.0297152
3.31407 8.2918 0.0429214
3.23501 8.42597 0.0399524
3.22811 8.31063 0.0374764
3.47617 8.38532 0.0328022
3.45015 8.5444 0.032522
3.22511 8.49093 0.0496296
3.26753 8.50988 0.0431655
3.35702 8.49451 0.0570678
3.30016 8.47107 0.0354106
3.33844 8.5484 0.0285292
3.37588 8.63744 0.0250275
3.37048 8.61244 0.0391199
3.34683 8.57601 0.0257228
3.3318 8.60076 0.0539845
3.40377 8.76351 0.0375075
3.44339 8.76648 0.0255996
3.42009 8.85763 0.0276318
3.32155 8.83111 0.0276303
3.36783 8.93353 0.027187
3.39984 8.91129 0.0348829
3.50059 8.87574 0.0468963
3.41412 8.78995 0.0645127
3.45771 8.86383 0.0313876
3.47533 8.89972 0.0285684
3.52825 8.94161 0.039757
3.54284 9.09887 0.033481
3.41858 9.04976 0.0274248
3.58706 9.16355 0.0327407
3.46518 9.20317 0.0258518
3.49029 9.24917 0.0395376
3.40151 9.23968 0.0418627
3.456 9.19813 0.0727425
3.46023 9.29002 0.05043
3.55556 9.21829 0.0265458
3.40857 9.28331 0.0423617
3.5503 9.20242 0.0530149
3.55453 9.28315 0.0676888
3.51538 9.26442 0.0256255
3.41508 9.49936 0.036966
3.40727 9.36169 0.0397677
3.56493 9.16475 0.0286459
3.67664 9.27242 0.0253794
3.58641 9.26956 0.0249345
3.50524 9.2567 0.0411116
3.47809 9.1997 0.045397
3.47527 9.32611 0.0377678
3.43649 9.3236 0.0407083
3.50537 9.21557 0.033841
3.45438 9.27369 0.0285685
3.58595 9.31638 0.0253692
3.54292 9.16016 0.0537725
3.35971 9.30459 0.0499844
3.50939 9.28401 0.0616538
3.49367 9.32757 0.0477572
3.45388 9.30933 0.0326255
3.56109 9.2266 0.0269177
3.51802 9.23788 0.0532044
3.42054 9.24737 0.0461798
3.53029 9.33366 0.0277993
3.40372 9.25405 0.0337678
3.58929 9.327 0.0462099
3.46993 9.20294 0.0414921
3.53117 9.32557 0.0424695
3.57556 9.21813 0.0546537
3.51748 9.31306 0.0382886
3.50159 9.33879 0.0361385
3.5359 9.30807 0.0399099
3.5532 9.41881 0.065771
3.49156 9.43432 0.0448602
3.45077 9.33413 0.0405548
3.54705 9.38274 0.0277466
3.53557 9.4949 0.042767
3.48009 9.31935 0.0263798
3.52682 9.50934 0.03441
3.55117 9.58554 0.0255889
3.5325 9.54087 0.0425825
3.581 9.56614 0.0252093
3.58447 9.54543 0.0450935
3.60497 9.53697 0.0290199
3.64449 9.72938 0.0337695
3.62924 9.57075 0.0422622
3.57536 9.52053 0.026965
3.60949 9.71455 0.0568599
3.53522 9.66495 0.0259033
3.59111 9.68539 0.0342531
3.67298 9.67115 0.0394152
3.51876 9.85244 0.0511048
3.60349 9.79646 0.0278626
3.66949 9.84888 0.0419965
3.6592 9.7939 0.063275
3.5814 9.88242 0.0270952
3.61165 9.85301 0.0424766
3.57696 9.71013 0.0360101
3.66326 9.7133 0.0354353
3.59796 9.91662 0.0255498
3.52656 9.70562 0.0391537
3.6162 9.77908 0.0588048
3.53905 9.79131 0.0345437
3.56698 9.73634 0.027062
3.6273 9.83951 0.0296886
3.57053 9.8664 0.0280944
3.5575 9.86304 0.0288417
3.47668 9.8706 0.0281012
3.61719 9.99666 0.04385
3.72541 9.99837 0.0355517
3.62378 9.92565 0.027504
3.65024 10.1043 0.0415344
3.61687 10.0726 0.0406156
3.56982 10.0835 0.0306156
3.62108 10.1242 0.0294411
3.52442 10.2028 0.0398032
3.5239 10.2368 0.0266956
3.51236 10.2474 0.0445369
3.50113 10.2127 0.0273966
3.59459 10.2487 0.0444456
3.68265 10.3576 0.0256097
3.64078 10.4585 0.0471192
3.59946 10.3689 0.0464879
3.56429 10.4093 0.0752095
3.56835 10.465 0.0286221
3.6272 10.3619 0.0545379
3.6534 10.511 0.0565119
3.6024 10.458 0.0334253
3.59185 10.5939 0.0394217
3.65352 10.502 0.0341197
3.62956 10.5037 0.035808
3.48748 10.2963 0.0417339
3.56546 10.6705 0.0258507
3.65599 10.6744 0.0392015
3.56757 10.589 0.0288985
3.6019 10.7046 0.0282227
3.42576 10.5922 0.0421833
3.63175 10.8258 0.0609198
3.55318 10.7581 0.0487878
3.4418 10.4452 0.0400778
3.4784 10.6971 0.0523333
3.69737 10.9053 0.064283
3.3117 10.5057 0.0482371
3.38982 10.4736 0.0298309
3.24999 10.6729 0.0394642
3.58307 10.9319 0.0510886
3.45008 11.0733 0.0279064
3.52969 11.1221 0.028728
3.41361 11.1286 0.03751
3.36481 10.6318 0.0544603
3.28939 10.6837 0.0301731
3.45847 10.972 0.0568016
3.28094 10.8538 0.0477801
3.14676 10.9453 0.0537822
3.2831 11.1253 0.0671448
3.25354 11.0375 0.0421502
3.2017 11.0099 0.0541012
3.15036 10.9802 0.0612542
3.37133 11.1614 0.0459733
3.2294 10.8645 0.046642
3.16981 10.9532 0.0422767
2.99677 11.3714 0.0293027
3.07599 11.537 0.0508365
3.15342 11.1515 0.055833
3.01896 11.0497 0.0394008
2.9663 11.067 0.0436123
3.02178 11.2631 0.0552129
2.98094 11.2093 0.0358683
3.00857 11.1512 0.0403747
2.9949 11.602 0.053454
3.20082 11.7809 0.0349049
3.10906 11.8381 0.028904
3.08063 11.8377 0.0560674
2.84159 11.5349 0.0576215
2.97809 11.6703 0.0269483
2.77878 11.2857 0.0548409
2.70536 11.2502 0.0557911
2.87312 11.391 0.0480363
2.79901 11.3228 0.0720392
2.64385 11.3705 0.0602313
2.71786 11.4157 0.0487241
2.64842 11.4069 0.0289621
2.62951 11.3983 0.0425225
2.56746 11.4923 0.0452356
2.57518 11.5927 0.0291055
2.57482 11.3429 0.0292041
2.83017 11.9018 0.0249993
2.69629 11.6383 0.0499376
2.85982 11.7546 0.0389965
2.68138 11.9564 0.0178347
2.56511 12.119 0.0371099
2.59969 12.1565 0.0255673
2.51345 12.2323 0.0402082
2.59524 12.3314 0.0268014
2.60574 12.3851 0.0407045
2.56991 12.351 0.0302486
2.4074 12.2299 0.0419688
2.48376 12.2041 0.043206
2.31309 12.3736 0.0250911
2.40889 12.358 0.0528091
2.33792 12.4549 0.0253057
2.35718 12.3621 0.0271571
2.38794 12.3768 0.029425
2.31264 12.3565 0.0434532
2.26897 12.4133 0.0449249
2.29977 12.4981 0.0398193
2.23081 12.4453 0.0431104
2.17184 12.4412 0.0370072
2.16236 12.3889 0.0320375
2.28217 12.3695 0.0382239
2.11608 12.4867 0.0463278
1.90959 12.4603 0.0734385
1.82531 12.4097 0.0421855
2.0414 12.5455 0.0421295
1.84736 12.5813 0.0295021
1.90332 12.4405 0.0391229
1.8225 12.4394 0.0289278
1.84472 12.6442 0.022847
1.8109 12.3786 0.0371063
1.73329 12.5433 0.029077
1.78741 12.4071 0.0301124
1.8367 12.4062 0.0259808
1.58054 12.4651 0.029036
1.61039 12.4106 0.0449257
1.59862 12.3881 0.0446551
1.54897 12.6535 0.0328261
1.57636 12.5368 0.0246825
1.41892 12.5469 0.0534884
1.56728 12.4192 0.0787029
1.41979 12.5833 0.0269362
1.54243 12.537 0.0257299
1.30071 12.6028 0.0381284
1.45472 12.4459 0.0353775
1.34175 12.6232 0.0268607
1.29075 12.5214 0.0240447
1.27254 12.4574 0.0297055
1.23071 12.4862 0.0387429
1.21457 12.4954 0.0279725
1.28649 12.6237 0.0481481
1.17113 12.5824 0.0258009
1.1535 12.6266 0.0331894
0.976266 12.5716 0.0640945
1.08232 12.5068 0.0891001
1.00429 12.508 0.0234152
0.966462 12.4787 0.0192564
0.947186 12.6126 0.0297276
0.92009 12.5775 0.0274014
0.832146 12.522 0.0475631
0.851948 12.5177 0.0399611
0.935676 12.6293 0.0524132
0.721525 12.5259 0.0381035
0.742376 12.4994 0.0294468
0.784019 12.4718 0.0360075
0.612152 12.4693 0.029499
0.785929 12.4713 0.0291355
0.593903 12.4999 0.0370807
0.651373 12.563 0.0373531
0.609672 12.4946 0.0286004
0.584161 12.5584 0.0396756
0.474597 12.5386 0.029098
0.463094 12.4486 0.0523862
0.348763 12.6342 0.0324387
0.261002 12.6829 0.0624798
0.360561 12.5314 0.0350099
0.3186 12.637 0.0630349
0.313732 12.4966 0.0432644
0.301166 12.4753 0.0463088
0.319597 12.62 0.0276279
0.363401 12.6982 0.0276131
0.263515 12.5133 0.0253177
0.320099 12.6499 0.0398201
0.209816 12.5459 0.0246439
0.27495 12.3456 0.0410619
0.0338999 12.4417 0.0257592
-0.0655708 12.4867 0.0394725
0.0328767 12.4383 0.0452012
-0.0162248 12.389 0.0268937
0.00054108 12.4222 0.0264353
-0.100738 12.3816 0.0276034
-0.157998 12.4994 0.0242844
-0.187006 12.3432 0.0262322
-0.386272 12.439 0.039712
-0.208669 12.4204 0.0349734
-0.221386 12.515 0.0287322
-0.421572 12.4751 0.0474012
-0.364855 12.3961 0.0386965
-0.303983 12.5156 0.0253877
-0.421603 11.9979 0.055871
-0.48566 11.8868 0.0451966
-0.562111 11.9058 0.0510448
-0.491464 11.8678 0.0384917
-0.409051 11.8449 0.0457936
-0.512533 12.2281 0.0505979
-0.516304 12.0929 0.0785392
-0.573213 11.8721 0.0552292
-0.620713 11.8898 0.0502617
-0.777706 12.2291 0.0708425
-0.815697 11.9977 0.0554501
-0.823586 11.975 0.0517616
-0.755665 11.8608 0.029529
-0.573797 12.058 0.0439043
-0.819821 12.1781 0.048565
-0.789674 12.0021 0.0418067
-0.942173 12.1521 0.0313225
-0.756219 12.2755 0.0564793
-0.967309 11.7614 0.054663
-0.859072 11.7575 0.0438309
-1.05537 11.6063 0.0298626
-0.976976 11.8538 0.0472336
-1.03865 11.9664 0.0278971
-1.05381 11.8588 0.0600038
-0.897407 11.979 0.0542252
-0.951101 11.8697 0.0441906
-1.11683 11.703 0.0866912
-1.09097 11.7771 0.0537626
-1.13755 11.8717 0.0273395
-1.18821 11.7802 0.0243864
-1.103 11.6906 0.0362937
-1.07492 11.6453 0.0419574
-1.12184 11.7111 0.0586758
-1.28157 11.6504 0.0289889
-1.28919 11.622 0.0449143
-1.34846 11.3415 0.0652042
-1.32664 11.4889 0.0554437
-1.30566 11.4432 0.0515405
-1.34687 11.2698 0.0573037
-1.22959 11.4666 0.0323597
-1.34168 11.5268 0.0294582
-1.44305 11.1149 0.0446206
-1.4258 11.3545 0.0501215
-1.40015 11.2713 0.0316297
-1.37276 11.1553 0.0333153
-1.3754 11.5834 0.0294031
-1.26022 11.1301 0.0423487
-1.2789 11.2839 0.0285029
-1.44032 11.3206 0.0532646
-1.47603 11.165 0.0320035
-1.47543 11.2108 0.0297711
-1.40097 11.1615 0.038137
-1.40281 11.2102 0.0282906
-1.6097 11.0489 0.052871
-1.41775 11.1945 0.0404116
-1.56475 11.0249 0.0581392
-1.39351 11.0782 0.0440101
-1.40893 10.9122 0.0438501
-1.48835 11.1717 0.0338474
-1.39697 11.1065 0.0476788
-1.40827 10.9914 0.0280289
-1.43242 11.0471 0.0266074
-1.4983 10.8472 0.027983
-1.31533 10.9182 0.0343023
-1.43329 10.9137 0.0523835
-1.50228 10.8994 0.0306134
-1.34602 10.9312 0.0261462
-1.51984 10.773 0.037852
-1.38704 10.6957 0.0308164
-1.48079 10.7329 0.0381097
-1.4905 10.5781 0.0264314
-1.4964 10.8351 0.0354338
-1.52261 10.6244 0.0349106
-1.33518 10.5789 0.0473924
-1.43671 10.653 0.0293355
-1.40403 10.6405 0.0319317
-1.3984 10.5013 0.0411188
-1.32091 10.5672 0.0331816
-1.27176 10.5335 0.0293664
-1.45034 10.3998 0.0376338
-1.26415 10.2593 0.0395931
-1.451 10.4258 0.0407613
-1.26037 10.332 0.0503756
-1.14518 10.349 0.0340185
-1.36324 10.0857 0.0345133
-1.29434 10.2222 0.0316678
-1.27141 10.233 0.0542638
-1.25442 10.2284 0.0297108
-1.17411 10.1723 0.0902953
-1.25278 10.0202 0.0265959
-1.17385 10.0358 0.0349497
-1.12365 9.96099 0.0373261
-1.25767 9.96821 0.0411032
-1.15161 9.91337 0.0550034
-1.17111 9.98385 0.051631
-1.14056 9.86209 0.0400395
-1.12649 9.86036 0.0401247
-1.05399 9.79797 0.0314091
-1.09038 9.86349 0.0332566
-1.20186 9.79659 0.0302779
-1.09407 9.83322 0.0489827
-1.14447 9.67459 0.0325813
-1.15191 9.76174 0.0280476
-0.980427 9.70577 0.033311
-1.15131 9.68525 0.0422534
-1.12452 9.56912 0.0401789
-1.21218 9.59597 0.0268095
-1.20744 9.48271 0.0352289
-1.07701 9.31472 0.0551964
-0.99772 9.38362 0.0410124
-1.01843 9.41874 0.061433
-1.01077 9.48337 0.0281369
-0.976838 9.35654 0.0275156
-1.09008 9.30205 0.0346082
-1.12498 9.25673 0.0516622
-1.01514 9.37537 0.0275086
-0.931272 9.23743 0.044254
-0.935699 9.11495 0.0751492
-1.04539 9.23623 0.0279124
-0.880706 9.10349 0.03135
-0.81441 9.03059 0.0391847
-1.09283 9.05319 0.0417411
-0.871888 9.05417 0.0433767
-0.865282 9.1155 0.0515888
-0.867295 8.99498 0.0461274
-0.832811 9.03638 0.0263531
-0.963195 8.97007 0.0260452
-0.84206 9.00121 0.0530048
-0.827585 8.85766 0.0276624
-0.935566 8.80326 0.0420061
-1.00433 8.80561 0.030222
-0.922504 8.85874 0.0268465
-0.877743 8.711 0.0267495
-0.867948 8.61916 0.0329848
-0.886606 8.70984 0.0267025
-0.800154 8.73414 0.051272
-0.878815 8.70912 0.0512758
-0.960998 8.57367 0.0486801
-0.955843 8.54887 0.0297441
-0.944466 8.61915 0.0334312
-0.72058 8.62064 0.0329597
-0.810435 8.41331 0.0297328
-0.826682 8.44898 0.0477724
-0.713508 8.3858 0.0288689
-0.737861 8.3545 0.0182351
-0.721439 8.39117 0.0334143
-0.775486 8.36569 0.0447222
-0.82433 8.39213 0.0509213
-0.671398 8.29713 0.039544
-0.745612 8.31574 0.0406156
-0.64481 8.337 0.0403301
-0.805619 8.11347 0.0429826
-0.838423 8.14947 0.050659
-0.816629 8.10949 0.0458894
-0.812306 8.09812 0.0436743
-0.752351 8.24439 0.0329564
-0.781402 8.02855 0.0469443
-0.814828 7.88949 0.0416593
-0.572143 8.01685 0.0310271
-0.679377 8.02544 0.0887924
-0.656773 7.81452 0.0561493
-0.656773 7.81452 0.0302994
-0.849092 7.84468 0.0477193
-0.616416 7.84664 0.0776298
-0.678201 7.93371 0.0544098
-0.793296 7.72906 0.0653676
-0.692752 7.67172 0.0408747
-0.706272 7.68615 0.0522965
-0.602441 7.57949 0.0426026
-0.701249 7.69377 0.0508562
-0.66422 7.69054 0.049601
-0.688734 7.46554 0.0371066
-0.689164 7.4946 0.0245145
-0.732247 7.48889 0.026589
-0.436033 7.48591 0.0269613
-0.602607 7.55104 0.055489
-0.578485 7.42829 0.0463647
-0.61809 7.39402 0.0277585
-0.600449 7.38182 0.111365
-0.661044 7.34787 0.041524
-0.615574 7.30223 0.0414448
-0.568089 7.28678 0.0584871
-0.675801 7.3796 0.0437163
-0.66969 7.20102 0.0304339
-0.689651 7.22272 0.0292034
-0.585087 7.24047 0.0264887
-0.707599 7.11837 0.0289842
-0.711014 7.11083 0.0315792
-0.647848 7.10267 0.0297851
-0.621384 6.88322 0.0578397
-0.553414 6.9526 0.0492212
-0.595117 6.91526 0.0358994
-0.554238 7.07603 0.0564938
-0.644088 7.029 0.0564088
-0.521518 6.74142 0.0570102
-0.503273 6.663 0.0388668
-0.663979 6.76786 0.0281863
-0.670876 6.78839 0.0308044
-0.505087 6.79538 0.0281301
-0.561172 6.66088 0.0308672
-0.421113 6.6613 0.0283255
-0.646666 6.72917 0.0383521
-0.581597 6.52679 0.0430884
-0.627756 6.57098 0.042823
-0.659318 6.57551 0.04396
-0.526976 6.62301 0.0156507
-0.453467 6.61747 0.0482023
-0.449179 6.45988 0.0282307
-0.534656 6.43643 0.0255661
-0.454387 6.42553 0.035118
-0.496705 6.45083 0.0425318
-0.401169 6.35052 0.0334704
-0.583541 6.45162 0.0269456
-0.529433 6.33677 0.0356386
-0.523079 6.34675 0.0261448
-0.505559 6.30183 0.0321963
-0.55686 6.21149 0.0271592
-0.458072 6.2591 0.0361949
-0.48589 6.21626 0.0424449
-0.50664 6.15761 0.0379417
-0.466707 6.06481 0.0286483
-0.576146 6.07218 0.0474587
-0.523435 6.03275 0.0494364
-0.556292 5.9381 0.0275228
-0.545621 5.73918 0.0461034
-0.672198 6.05553 0.0272858
-0.544691 6.00181 0.0610506
-0.521758 5.98814 0.0240352
-0.545618 5.85524 0.027637
-0.494782 5.85861 0.0383492
-0.608597 5.77364 0.0496063
-0.509266 5.78833 0.0434875
-0.451053 5.84456 0.067207
-0.498642 5.77089 0.0299837
-0.477541 5.71108 0.0459772
-0.503886 5.75345 0.0359357
-0.406318 5.8777 0.0278476
-0.467852 5.64682 0.0410309
-0.611287 5.61399 0.0257214
-0.574518 5.49087 0.0318055
-0.496161 5.56942 0.0690164
-0.585354 5.46395 0.0374912
-0.467414 5.42016 0.0282809
-0.492812 5.48083 0.0292074
-0.645568 5.43947 0.03318
-0.455647 5.45016 0.0272817
-0.49985 5.42587 0.0590904
-0.533139 5.37742 0.0365168
-0.456052 5.24523 0.0148272
-0.6305 5.31605 0.0263261
-0.66998 5.16662 0.0186451
-0.589231 5.2224 0.0287349
-0.48544 5.26314 0.0266689
-0.520828 5.36876 0.0264048
-0.622811 5.06024 0.0483355
-0.481927 5.20007 0.0454342
-0.582923 5.04214 0.043617
-0.616498 5.01786 0.0294831
-0.546621 5.00387 0.0461443
-0.585087 4.89515 0.0312555
-0.558865 4.97894 0.047222
-0.641545 4.97785 0.0818111
-0.537943 4.97634 0.0533545
-0.566033 4.84176 0.0252162
-0.392229 4.80556 0.0374435
-0.530684 4.93601 0.0254271
-0.558902 4.87829 0.0282312
-0.517296 4.77127 0.0288402
-0.698862 4.71985 0.0328607
-0.533801 4.62225 0.0397003
-0.469414 4.70226 0.0487816
-0.393772 4.6846 0.0400142
-0.423166 4.56068 0.0506073
-0.57315 4.49658 0.0575127
-0.627111 4.60339 0.0451973
-0.553478 4.60196 0.0602944
-0.615821 4.35967 0.0294179
-0.587567 4.46994 0.03088
-0.59511 4.42656 0.0395154
-0.683856 4.5719 0.0379433
-0.572732 4.31203 0.0276373
-0.546133 4.40194 0.0360752
-0.594139 4.35834 0.0288131
-0.60464 4.29055 0.0278346
-0.713742 4.25865 0.0289219
-0.402012 4.31788 0.0261401
-0.499581 4.08197 0.0289753
-0.429917 4.00527 0.0495108
-0.656245 4.01965 0.038267
-0.560856 4.09898 0.0575165
-0.55702 4.14337 0.026537
-0.632185 4.00312 0.0303753
-0.664287 3.91312 0.0263766
-0.558482 3.95148 0.0338011
-0.548812 3.99678 0.0263605
-0.510689 3.90421 0.0544033
-0.534262 3.96897 0.0143885
-0.626331 3.78748 0.0327565
-0.539561 3.78415 0.0518053
-0.611101 3.8878 0.0873872
-0.638171 3.75942 0.0527577
-0.718714 3.73767 0.0373272
-0.61069 3.62428 0.0250146
-0.683293 3.63322 0.0313029
-0.688366 3.67176 0.0348283
-0.70215 3.64645 0.0467671
-0.792032 3.57127 0.037737
-0.551782 3.55281 0.0456136
-0.542078 3.52506 0.0532743
-0.560574 3.40134 0.0375621
-0.495106 3.59133 0.0283517
-0.703496 3.43391 0.0275158
-0.608984 3.32971 0.0394523
-0.618367 3.40351 0.0263517
-0.615229 3.24105 0.0387663
-0.599423 3.38226 0.042596
-0.703984 3.37316 0.0421013
-0.620524 3.26083 0.0526959
-0.744615 3.16988 0.0467118
-0.701745 3.14085 0.0312338
-0.626533 3.24105 0.0416931
-0.717333 3.11358 0.0297864
-0.69373 3.22678 0.0250697
-0.743671 2.95995 0.0253508
-0.74318 3.00528 0.0373062
-0.647881 3.02041 0.036302
-0.726686 2.94385 0.0253988
-0.729732 2.83658 0.0345477
-0.62885 2.94916 0.0468322
-0.750407 2.89423 0.0270174
-0.718755 2.87128 0.0175907
-0.741487 2.92077 0.0306043
-0.676519 2.89846 0.0288428
-0.807509 2.71511 0.0404144
-0.602573 2.72392 0.0269498
-0.696272 2.66508 0.0485817
-0.788446 2.6631 0.0432477
-0.695922 2.58295 0.0405207
-0.642168 2.6297 0.0678059
-0.702419 2.63748 0.0563845
-0.857805 2.60586 0.0248025
-0.626515 2.49209 0.0281377
-0.704877 2.44044 0.0338835
-0.757689 2.46807 0.0349732
-0.709162 2.25919 0.0279523
-0.736166 2.33132 0.0330349
-0.707137 2.35115 0.0304711
-0.783156 2.44277 0.0399065
-0.784271 2.35428 0.0289222
-0.767211 2.2413 0.0284115
-0.866065 2.25214 0.0267593
-0.699566 2.22344 0.0295685
-0.713509 2.25999 0.03696
-0.749368 2.25064 0.0248939
-0.760285 2.15805 0.0372781
-0.78632 2.18946 0.0255033
-0.74787 2.04589 0.0284001
-0.812334 2.01271 0.0285393
-0.697665 1.95843 0.0248112
-0.798373 1.88834 0.0262933
-0.778373 2.03206 0.0466124
-0.817766 1.8718 0.0779925
-0.823619 1.94351 0.0239565
-0.833659 1.87846 0.0280874
-0.839364 1.86331 0.0256742
-0.760627 1.78976 0.0430046
-0.821192 1.75429 0.0140836
-0.780242 1.63059 0.027886
-0.78726 1.72395 0.0311842
-0.779066 1.6659 0.0444207
-0.733054 1.64286 0.0792725
-0.782885 1.67156 0.0408763
-0.851905 1.47019 0.0258432
-0.763758 1.63211 0.030433
-0.796837 1.41707 0.0392955
-0.639566 1.54394 0.0644344
-0.775066 1.58876 0.0190313
-0.728508 1.5098 0.0301746
-0.790653 1.51628 0.0263451
-0.924037 1.26908 0.0333712
-0.889787 1.2165 0.0243101
-0.796886 1.23838 0.030907
-0.838125 1.27597 0.0557511
-0.759374 1.18473 0.0317247
-0.930301 1.24356 0.023672
-0.885413 1.12722 0.0277821
-0.853505 1.20344 0.0260365
-0.865439 1.13581 0.0350338
-0.817776 1.11175 0.0246911
-0.842868 1.07961 0.0455606
-0.806759 1.07902 0.0400175
-0.833263 1.0293 0.0309446
-0.89764 1.04118 0.0253163
-0.683026 0.923339 0.0276827
-0.792535 0.881834 0.0263883
-0.811952 1.03828 0.0417701
-0.805839 0.82208 0.0248716
-1.01697 0.942281 0.0458322
-0.870347 0.899478 0.0343042
-0.921464 0.807907 0.0281725
-0.893549 0.778782 0.025896
-0.945862 0.656996 0.0664478
-0.753933 0.66588 0.0580484
-0.85197 0.691864 0.0324901
-0.903976 0.719857 0.0311441
-0.913611 0.524743 0.0273796
-0.855097 0.606391 0.0292667
-0.817087 0.477022 0.026126
-0.775818 0.475804 0.0281615
-0.906077 0.310668 0.0338275
-0.878224 0.442609 0.0588308
-0.907407 0.392496 0.0611582
-0.830793 0.338977 0.0559369
-0.897081 0.425534 0.067847
-0.937887 0.327278 0.047607
-0.825948 0.219358 0.0256404
-0.912478 0.274263 0.0352835
-1.00628 0.445668 0.0236576
-1.06523 0.191155 0.0347497
-1.11163 0.134532 0.0245888
-0.799808 0.162378 0.0251233
-0.975689 0.229695 0.0375657
-0.836885 0.0854836 0.0401925
-0.823587 0.0671691 0.0352454
-0.909541 0.00541707 0.0415484
-1.05479 0.0991496 0.0307549
-0.953612 -0.0951764 0.025363
-0.892759 0.019623 0.0240278
-0.945916 -0.000487615 0.0396715
-0.991255 -0.0561001 0.0301743
-1.03923 -0.0266801 0.0515924
-0.918134 -0.0819441 0.0439186
-0.948568 -0.104162 0.0292376
-0.819063 -0.256552 0.0363681
-0.874225 -0.2359 0.0423199
-0.880939 -0.276632 0.0230271
-0.986848 -0.317905 0.0293333
-1.02387 -0.291436 0.0372709
-1.02307 -0.428296 0.0289274
-1.01331 -0.292818 0.0375752
-1.01695 -0.480455 0.0252956
-1.04455 -0.580325 0.022926
-0.9699 -0.477057 0.0299829
-1.03631 -0.486758 0.0481313
-1.09511 -0.587709 0.0417283
-1.17884 -0.54591 0.025439
-1.18989 -0.628856 0.0247449
-1.0185 -0.612885 0.0538779
-1.17989 -0.567844 0.029485
-1.19472 -0.563899 0.0286485
-1.09955 -0.685748 0.0501535
-1.19977 -0.790283 0.0422125
-1.25581 -0.786024 0.0366554
-1.14743 -0.694871 0.036843
-1.15966 -0.774458 0.0430613
-1.26017 -0.852542 0.072609
-1.24211 -0.872316 0.0149566
-1.28283 -0.860953 0.0245337
-1.34594 -0.873319 0.0384701
-1.19888 -0.823354 0.0246061
-1.13918 -0.946587 0.0248946
-1.24395 -0.751557 0.0466031
-1.29382 -0.975472 0.0487782
-1.34092 -0.931828 0.0263803
-1.24958 -1.14973 0.0451009
-1.2322 -1.08004 0.050142
-1.29931 -1.05773 0.037649
-1.32114 -1.03287 0.0448717
-1.23187 -1.20289 0.0301172
-1.39218 -1.24188 0.027505
-1.31098 -1.08383 0.0269308
-1.22348 -1.26013 0.0386508
-1.47391 -1.20878 0.0387893
-1.25523 -1.31369 0.0238731
-1.43641 -1.27122 0.0287229
-1.27939 -1.34868 0.0320899
-1.32002 -1.32487 0.023355
-1.2475 -1.33556 0.0250912
-1.30312 -1.51409 0.0271169
-1.44423 -1.48861 0.0275788
-1.36742 -1.53104 0.0359571
-1.29962 -1.61507 0.0281196
-1.31259 -1.50627 0.0353385
-1.1756 -1.53534 0.0364948
-1.25327 -1.6221 0.029052
-1.16488 -1.68365 0.0305751
-1.2775 -1.91047 0.0253423
-1.24377 -1.71681 0.0353504
-1.25628 -1.74624 0.0407233
-1.37473 -1.86064 0.0292236
-1.31819 -1.85085 0.0328658
-1.15381 -1.87196 0.0328684
-1.26222 -1.83236 0.0307801
-1.12159 -1.80293 0.031195
-1.1618 -2.00991 0.0232869
-1.04054 -2.00166 0.0387209
-1.08588 -1.97107 0.0380467
-1.06673 -2.07468 0.0216061
-0.987275 -2.06868 0.0239837
-1.145 -1.97623 0.0254062
-1.01106 -1.99887 0.0295016
-1.04576 -1.9163 0.0238643
-0.95547 -2.02147 0.0367518
-0.7777 -2.07119 0.0240891
-0.903455 -2.07424 0.0276261
-0.910439 -2.18041 0.0381632
-0.833257 -2.13346 0.023498
-0.79919 -2.28945 0.028548
-0.952926 -2.2646 0.0263892
-0.773464 -2.28913 0.026904
-0.770442 -2.17096 0.0172951
-0.682825 -2.42205 0.0250687
-0.693443 -2.36327 0.0251489
-0.707837 -2.43504 0.0243949
-0.579958 -2.22677 0.0231389
-0.68917 -2.3191 0.0470898
-0.538041 -2.33074 0.0301284
-0.567986 -2.465 0.0270347
-0.535393 -2.3124 0.0244448
-0.515511 -2.34819 0.0232943
-0.454298 -2.39866 0.0271983
-0.335093 -2.37978 0.0242982
-0.320643 -2.41206 0.0265216
-0.333408 -2.2868 0.0404827
-0.20425 -2.46741 0.0255201
-0.185992 -2.47331 0.0346131
-0.158241 -2.36434 0.02531
-0.331459 -2.53315 0.0363835
-0.168282 -2.49616 0.0240709
-0.110674 -2.59978 0.02563
-0.164497 -2.46108 0.0253327
0.052785 -2.46447 0.0411599
-0.0586584 -2.43773 0.0372679
0.0810624 -2.57566 0.0316641
0.103375 -2.44639 0.028341
0.0124601 -2.52792 0.0438977
0.0293156 -2.50678 0.0240634
0.0405007 -2.43366 0.0289044
0.139882 -2.52376 0.0632743
0.130861 -2.4637 0.0396894
0.109938 -2.45204 0.0254081
0.210269 -2.37084 0.0230957
0.250944 -2.37011 0.0299295
0.30309 -2.36165 0.0236803
0.24642 -2.31756 0.0241343
0.349867 -2.4568 0.0232378
0.266322 -2.34734 0.0225748
0.374141 -2.40652 0.0208075
0.324469 -2.42227 0.0219441
0.518282 -2.64141 0.0230112
0.484078 -2.48674 0.022074
0.40395 -2.23958 0.0220898
0.544009 -2.27391 0.0313845
0.393212 -2.08805 0.0279344
0.586756 -2.17626 0.0255996
0.533052 -2.03046 0.0104147
0.567951 -2.10429 0.0235315
0.764091 -2.37393 0.00989698
0.78499 -2.31741 0.0265809
0.657001 -2.11513 0.0270916
0.727853 -2.04998 0.0155877
0.868422 -2.20743 0.0224745
0.813679 -2.25104 0.0223986
0.870557 -2.16478 0.0270092
0.936446 -2.11864 0.0279695
0.986973 -1.99547 0.0097935
0.953829 -1.95274 0.0210886
1.05572 -2.1602 0.0239713
1.06376 -1.98768 0.0369348
0.928727 -1.89788 0.0465839
0.997458 -1.97153 0.0222092
1.02612 -2.06118 0.0289388
1.13022 -2.10426 0.0232602
1.04116 -1.85865 0.0110117
1.04706 -1.97346 0.0213817
1.05964 -1.89634 0.0274014
1.13381 -1.85131 0.0283381
0.929999 -1.82589 0.021926
0.997393 -1.68571 0.0259072
1.14454 -1.73194 0.0298029
1.08537 -1.83819 0.025879
1.2624 -1.79389 0.0367093
1.11193 -1.73234 0.02411
1.18825 -1.62037 0.0371297
1.2504 -1.49448 0.0392655
1.2336 -1.56161 0.0135416
1.22574 -1.52872 0.0375456
1.29042 -1.51152 0.0131269
1.22629 -1.58933 0.0261466
1.32218 -1.43385 0.0427706
1.28789 -1.44209 0.0393472
1.2141 -1.47665 0.0113929
1.16503 -1.38849 0.0394963
1.2095 -1.32972 0.0331876
1.10237 -1.30974 0.0239749
1.28003 -1.22236 0.0240603
1.23863 -1.06113 0.0325787
1.23306 -1.30212 0.0160042
1.43037 -1.11719 0.0285948
1.33344 -1.06714 0.0334312
1.09896 -1.16664 0.0238666
1.12782 -1.15555 0.0209791
1.28056 -1.04744 0.025646
1.19464 -1.0539 0.0204559
1.23137 -0.997699 0.031885
1.138 -0.990919 0.0475093
1.20893 -1.06847 0.0777422
1.18429 -0.872859 0.0232488
1.21528 -0.973969 0.0302238
1.26463 -0.895156 0.0302336
1.08151 -0.83242 0.0479408
1.1031 -0.835945 0.0417958
1.07055 -0.67471 0.0449438
1.0401 -0.654236 0.0368221
0.979152 -0.520242 0.0268607
1.05352 -0.599347 0.0249372
1.0542 -0.52153 0.0464709
1.04065 -0.518055 0.0460137
1.05397 -0.47937 0.0279776
1.03 -0.560174 0.042634
1.0913 -0.4455 0.0357504
1.04614 -0.437608 0.0331714
0.962197 -0.41736 0.0468497
0.972973 -0.316741 0.0390523
0.990789 -0.308455 0.0246953
1.18843 -0.375452 0.0288926
0.963154 -0.273364 0.0296842
1.11725 -0.275794 0.0433385
1.02624 -0.215101 0.0297627
1.06113 -0.138393 0.0316881
0.955371 -0.0488533 0.0271715
0.945232 -0.155588 0.0348129
0.97021 -0.0580745 0.025389
1.05369 0.0868539 0.0401416
1.11589 -0.022707 0.0336683
1.01566 0.0758908 0.0343498
1.04227 0.227555 0.026117
1.05013 0.125003 0.0243921
0.857451 0.158793 0.0262752
1.20123 0.122612 0.0247925
1.01446 0.0581873 0.0259078
1.04839 0.0929586 0.0361004
1.15041 0.170443 0.0390109
0.923042 0.281863 0.0337832
0.940372 0.431509 0.0292658
1.00198 0.428012 0.0247763
1.17814 0.331313 0.0492158
0.942895 0.26655 0.0235487
0.927868 0.487622 0.029849
0.99079 0.493563 0.0390266
0.916729 0.428433 0.046736
1.02321 0.593233 0.0340647
0.979242 0.536391 0.0263617
1.10426 0.56797 0.0266791
1.13297 0.577683 0.0171562
0.991456 0.661641 0.0288686
0.997502 0.771349 0.0270312
0.977969 0.727812 0.0394542
0.988497 0.827561 0.0261367
0.945503 0.730857 0.0309315
0.950315 0.788589 0.0324691
1.06851 0.742904 0.0419346
0.997356 0.77627 0.038584
1.08727 0.875968 0.032674
